0	0.2184		0.224198	0.148473	0.155305
1	0.233144	0.238802	0.161702	0.168704
2	0.262529	0.26957		0.145519	0.151145
3	0.177485	0.182572	0.14375		0.151538
4	0.235854	0.244296	0.159684	0.164376
5	0.188429	0.194193	0.15367		0.160542
6	0.199836	0.206992	0.138306	0.143843
7	0.183324	0.190257	0.134665	0.140381
8	0.184781	0.191249	0.155284	0.161407
9	0.263509	0.268213	0.160608	0.169029
10	0.254578	0.25458		0.132415	0.132417
11	0.202609	0.210836	0.164429	0.169244
12	0.244679	0.25299		0.160399	0.165166
13	0.23131		0.237794	0.160325	0.166435
14	0.242997	0.247793	0.147641	0.155903
15	0.260473	0.260476	0.137824	0.137827
16	0.251586	0.258383	0.161085	0.166913
17	0.194777	0.200795	0.133431	0.140014
18	0.251218	0.256981	0.136603	0.143476
19	0.244528	0.251447	0.163097	0.168823
20	0.20614		0.213095	0.149577	0.155272